                         
Model output from range model looking at inter vs intraspecific variation in cue use


See...
analyses/ranges/models_stanforranges.R
analyses/ranges/stan/nointer_3levelwpop_force&photo_ncp_fj.stan




                         mean     se_mean        sd         2.5%        25%         50%        75%     97.5%mu_a_sp              1.61644126 0.050127247 4.3468030  -7.09622921 -1.1362700  1.61020426  4.3615897 10.573642mu_a_study          -0.09224426 0.151935498 7.8545334 -15.49288741 -5.3413832 -0.08039618  5.1971771 15.174494mu_b_force_sp       -4.34930357 0.055972342 4.6416095 -13.00553063 -7.3209022 -4.58129832 -1.5230455  5.626471mu_b_photo_sp       -1.87587036 0.038546545 2.6081177  -7.30623295 -3.0311084 -1.94588333 -0.8493991  3.993019sigma_y             14.73163414 0.003255343 0.3534562  14.06278639 14.4886357 14.71950619 14.9687989 15.435393sigma_a_sp           6.99681774 0.042602606 3.7334293   2.15236849  4.3577446  6.22040238  8.8013621 15.998387sigma_a_study       20.79400697 0.091354978 4.9858294  13.44403067 17.3322776 20.01287485 23.3459563 32.829490sigma_b_force_sp     8.35277067 0.046400770 3.9664101   3.04788221  5.5397642  7.53505143 10.3468683 18.210321sigma_b_photo_sp     3.20935633 0.039109631 3.1321938   0.10394640  1.0004077  2.28385750  4.3765720 11.559178sigma_b_force_sppop  5.27912205 0.032965790 1.4258297   2.20234551  4.4126661  5.32049025  6.1897426  8.076008sigma_b_photo_sppop  0.62536263 0.007440341 0.5347256   0.02260609  0.2250243  0.49066338  0.8879678  1.980348sigma_a_pop          2.24851009 0.035300305 1.3371114   0.15225557  1.2229103  2.15002288  3.1424810  5.131381                        n_eff     Rhatmu_a_sp              7519.556 1.000353mu_a_study           2672.528 1.003359mu_b_force_sp        6876.861 1.000034mu_b_photo_sp        4578.081 1.000477sigma_y             11789.022 1.000386sigma_a_sp           7679.687 0.999974sigma_a_study        2978.588 1.000222sigma_b_force_sp     7307.097 1.000431sigma_b_photo_sp     6414.013 1.000334sigma_b_force_sppop  1870.718 1.001174sigma_b_photo_sppop  5165.070 1.000096sigma_a_pop          1434.757 1.000860